0.00000000
0.00006130
0.00013400
0.00021320
0.00028190
0.00036550
0.00044160
0.00051960
0.00058950
0.00067320
0.00075020
0.00083040
0.00091460
0.00097860
0.00105270
0.00113340
0.00122340
0.00128780
0.00137410
0.00145290
0.00151110
0.00161130
0.00168860
0.00176710
0.00183700
0.00190330
0.00199320
0.00207130
0.00215290
0.00223050
0.00231520
0.00239110
0.00247770
0.00250740
0.00264660
0.00266800
0.00278350
0.00287540
0.00295210
0.00298030
0.00308390
0.00312380
0.00324200
0.00330270
0.00342100
0.00348540
0.00356390
0.00364110
0.00369170
0.00382210
0.00381350
