0.00000000
0.00051450
0.00112110
0.00181550
0.00252560
0.00323780
0.00396720
0.00472540
0.00549550
0.00626580
0.00705290
0.00779760
0.00861610
0.00948420
0.01027740
0.01106530
0.01187020
0.01272060
0.01359930
0.01450340
0.01531870
0.01619210
0.01699180
0.01791390
0.01879900
0.01963470
0.02061440
0.02142690
0.02241530
0.02319430
0.02407900
0.02490480
0.02597640
0.02674790
0.02766980
0.02873230
0.02945600
0.03041770
0.03124060
0.03231190
0.03335190
0.03422740
0.03514070
0.03607170
0.03675910
0.03772860
0.03881840
0.03980420
0.04061840
0.04167370
0.04262950
