0.00000000
0.01006290
0.04027510
0.09166610
0.16342630
0.25640600
0.37188400
0.50353220
0.65553410
0.83838350
1.03107130
1.25951400
1.47389520
1.73510500
2.01280280
2.30390830
2.61501410
2.94994600
3.32163880
3.70592400
4.11993400
4.53724040
4.99150180
5.47699500
5.91767650
6.46259200
6.98441930
7.51257080
8.05444560
8.73350880
9.25932250
9.89081620
10.58874610
11.23448350
12.74621350
12.62628780
13.34985180
14.11038970
15.02720610
15.73006180
16.50904170
17.33199320
18.14833460
19.02053730
19.92803790
20.82029630
21.76426110
22.78321570
23.71511260
24.87387420
25.75623510
