0.00000000
0.00203390
0.00402580
0.00653860
0.00840560
0.00936720
0.00809780
0.00912940
0.01046450
0.01189040
0.01321460
0.01462600
0.01607330
0.01832650
0.01884710
0.02034420
0.02159840
0.02297660
0.02428240
0.02572080
0.02739970
0.02908170
0.03029640
0.03199620
0.03319900
0.03441940
0.03603470
0.03726740
0.03882740
0.03999600
0.04118800
0.04258790
0.04270530
0.04392840
0.04551080
0.04683400
0.04822210
0.04971760
0.05112480
0.05242230
0.05381650
0.05532400
0.05679690
0.05825790
0.05962930
0.06089290
0.06236170
0.06394520
0.06503330
0.06658130
0.06793130
