0.00000000
0.00158220
0.00571910
0.01146610
0.02032910
0.02963190
0.04165400
0.05510790
0.07216280
0.09145820
0.10801840
0.12666950
0.15008240
0.17545800
0.20550100
0.23801400
0.27624900
0.30662860
0.33187070
0.35888280
0.38850490
0.42721960
0.47016640
0.53015320
0.58445490
0.63119270
0.67606160
0.72390310
0.78114610
0.83994370
0.91387500
0.98239840
1.07763370
1.14198180
1.20941500
1.26176090
1.33247560
1.38638160
1.43010450
1.49540000
1.55072200
1.61078850
1.67433570
1.74739070
1.85103250
1.93040840
2.00856660
2.09571380
2.19923980
2.28860490
2.38054950
