0.00000000
0.00413550
0.01639380
0.03657810
0.06554680
0.10353290
0.14995430
0.20544820
0.26795930
0.33514740
0.41674840
0.50901390
0.60306160
0.70421320
0.82349230
0.93850370
1.07405740
1.21063000
1.35286000
1.52162660
1.67342140
1.83496580
2.04541860
2.20254980
2.42906550
2.61654930
2.84105210
3.06578440
3.29777290
3.54148260
3.75378950
4.01763440
4.32150950
4.59900620
4.87558160
5.16788770
5.40545010
5.76700260
6.11757650
6.41967210
6.76561360
7.01973200
7.44347830
7.76304250
8.12230070
8.50905180
8.97350820
9.33579530
9.63368320
10.13446090
10.51921390
