0.00000000
0.00055190
0.00120970
0.00186430
0.00261130
0.00334100
0.00414610
0.00494100
0.00551630
0.00633960
0.00713340
0.00797020
0.00873960
0.00958260
0.01030580
0.01110760
0.01187920
0.01286920
0.01369690
0.01465130
0.01544750
0.01615330
0.01725460
0.01814530
0.01896500
0.01984790
0.02067790
0.02172430
0.02255340
0.02341430
0.02417450
0.02503940
0.02607010
0.02689000
0.02772070
0.02881700
0.02990440
0.03066930
0.03154270
0.03253070
0.03351790
0.03452690
0.03552410
0.03641060
0.03725170
0.03836590
0.03918040
0.04010620
0.04103730
0.04204940
0.04299850
