0.00000000
0.00000940
0.00001890
0.00002750
0.00003670
0.00004580
0.00005500
0.00006420
0.00007330
0.00008250
0.00009440
0.00010380
0.00011330
0.00012270
0.00013210
0.00013750
0.00014670
0.00015580
0.00016500
0.00017420
0.00018330
0.00019250
0.00020160
0.00021080
0.00022000
0.00022920
0.00023830
0.00024750
0.00025660
0.00026580
0.00027500
0.00028410
0.00029330
0.00030250
0.00031160
0.00032080
0.00032990
0.00033910
0.00034830
0.00035740
0.00036660
0.00037580
0.00038490
0.00039410
0.00040330
0.00041240
0.00042160
0.00043080
0.00043990
0.00044910
0.00045820
