0.00000000
0.00004380
0.00009290
0.00015960
0.00020080
0.00029230
0.00034050
0.00039080
0.00043390
0.00053140
0.00062180
0.00067230
0.00073260
0.00079390
0.00083540
0.00088080
0.00093310
0.00098470
0.00113380
0.00126640
0.00133390
0.00136610
0.00143820
0.00149410
0.00156220
0.00163580
0.00168720
0.00174960
0.00177450
0.00186890
0.00189240
0.00196430
0.00198320
0.00207020
0.00212090
0.00221190
0.00239830
0.00263140
0.00270780
0.00276320
0.00282860
0.00292310
0.00293330
0.00305360
0.00306430
0.00312830
0.00319470
0.00324580
0.00334830
0.00341280
0.00351190
