0.00000000
0.00112340
0.00229080
0.00350370
0.00468630
0.00592890
0.00699220
0.00815960
0.00932830
0.01054020
0.01178970
0.01301900
0.01422110
0.01545430
0.01667270
0.01782240
0.01903490
0.02024570
0.02155360
0.02283390
0.02411030
0.02535120
0.02660920
0.02780570
0.02895670
0.03025450
0.03148100
0.03282290
0.03401730
0.03525560
0.03652240
0.03778300
0.03893020
0.04004380
0.04131990
0.04269760
0.04401410
0.04539750
0.04661080
0.04795820
0.04920750
0.05056250
0.05165960
0.05306800
0.05441730
0.05548650
0.05684480
0.05812890
0.05937270
0.06063850
0.06173130
