0.00000000
0.00008340
0.00017200
0.00029140
0.00034610
0.00047080
0.00059950
0.00069950
0.00074310
0.00087090
0.00101770
0.00116620
0.00130110
0.00139570
0.00144030
0.00152880
0.00158260
0.00168780
0.00182810
0.00194830
0.00207170
0.00222120
0.00236760
0.00251390
0.00262050
0.00276990
0.00283750
0.00291410
0.00296120
0.00304510
0.00311010
0.00319210
0.00322710
0.00332750
0.00349790
0.00360810
0.00374340
0.00386600
0.00406660
0.00414280
0.00426950
0.00438020
0.00463820
0.00477840
0.00494810
0.00505490
0.00520460
0.00529950
0.00542560
0.00556380
0.00578380
