0.00000000
0.00008420
0.00018670
0.00030780
0.00039780
0.00054160
0.00064690
0.00075610
0.00086170
0.00105350
0.00118290
0.00128850
0.00141130
0.00153280
0.00165890
0.00176960
0.00187870
0.00214180
0.00230770
0.00242160
0.00252870
0.00268360
0.00277670
0.00290090
0.00304730
0.00320890
0.00332250
0.00350040
0.00356830
0.00372550
0.00382790
0.00397590
0.00407410
0.00452550
0.00470210
0.00479670
0.00494510
0.00506120
0.00523200
0.00538150
0.00542440
0.00563890
0.00576950
0.00596780
0.00601730
0.00615000
0.00630310
0.00649000
0.00659150
0.00666600
0.00689920
