0.00000000
0.00005650
0.00012660
0.00020380
0.00027610
0.00036470
0.00044740
0.00053220
0.00061750
0.00070170
0.00078810
0.00089460
0.00098910
0.00108730
0.00119110
0.00125750
0.00138170
0.00146480
0.00156790
0.00168020
0.00177940
0.00189280
0.00198800
0.00208510
0.00219440
0.00231140
0.00239800
0.00257730
0.00262800
0.00273470
0.00287050
0.00291270
0.00301040
0.00312510
0.00326280
0.00347450
0.00342970
0.00358570
0.00371480
0.00384710
0.00389300
0.00427810
0.00411750
0.00419580
0.00443000
0.00441950
0.00453400
0.00464030
0.00664670
0.00548860
0.00509750
