0.00000000
0.00011870
0.00027690
0.00050970
0.00064190
0.00099300
0.00114420
0.00130360
0.00145370
0.00202900
0.00220620
0.00239230
0.00256330
0.00274870
0.00290930
0.00309530
0.00326940
0.00424980
0.00444490
0.00464760
0.00484590
0.00507180
0.00528210
0.00550700
0.00566120
0.00585120
0.00603070
0.00625520
0.00645030
0.00665930
0.00683550
0.00706120
0.00723220
0.00903560
0.00924870
0.00960430
0.00979110
0.01006110
0.01028810
0.01036880
0.01061150
0.01089270
0.01100490
0.01132290
0.01151290
0.01183490
0.01200300
0.01224620
0.01246710
0.01277420
0.01295250
