0.00000000
0.00001240
0.00002490
0.00003740
0.00004980
0.00006240
0.00007470
0.00008730
0.00009970
0.00011210
0.00012460
0.00013680
0.00014880
0.00016110
0.00017430
0.00018670
0.00019930
0.00021170
0.00022420
0.00023480
0.00024910
0.00026090
0.00027420
0.00028600
0.00029880
0.00031080
0.00032310
0.00033540
0.00034830
0.00036110
0.00037330
0.00038610
0.00039820
0.00041090
0.00042260
0.00043540
0.00044750
0.00045850
0.00047230
0.00048510
0.00049760
0.00050950
0.00052290
0.00053490
0.00054640
0.00055930
0.00057260
0.00058450
0.00059750
0.00060950
0.00062240
