0.00000000
0.00108840
0.00222700
0.00339990
0.00455230
0.00577800
0.00695740
0.00813460
0.00932750
0.01055030
0.01182500
0.01304490
0.01422270
0.01545230
0.01667010
0.01784000
0.01904010
0.02025830
0.02155120
0.02282860
0.02518730
0.02718490
0.02989840
0.02907270
0.03050310
0.03148010
0.03446470
0.03624120
0.03539440
0.03816870
0.06512540
0.05404880
0.04691790
0.04629130
0.04353290
0.04561180
0.04688620
0.05099270
0.04941960
0.05052170
0.05218920
0.05411040
0.05511690
0.05685550
0.05721900
0.06502840
0.06042270
0.06103390
0.06506200
0.06428820
0.06629940
