0.00000000
0.00005580
0.00013010
0.00020620
0.00028360
0.00037170
0.00045840
0.00054630
0.00063310
0.00072060
0.00082060
0.00092350
0.00101680
0.00110510
0.00120710
0.00130520
0.00139960
0.00150060
0.00161880
0.00171290
0.00181480
0.00192380
0.00202690
0.00212040
0.00224170
0.00235080
0.00244190
0.00254520
0.00267950
0.00283290
0.00299620
0.00300650
0.00309600
0.00318250
0.00328210
0.00341990
0.00351630
0.00358870
0.00370800
0.00388060
0.00394420
0.00405590
0.00419500
0.00429350
0.00439950
0.00459470
0.00464770
0.00473720
0.00484790
0.00502640
0.00507000
