0.00000000
0.00006120
0.00013520
0.00021470
0.00029770
0.00037480
0.00045800
0.00053310
0.00061600
0.00069590
0.00077630
0.00085660
0.00092610
0.00101340
0.00109420
0.00117300
0.00124470
0.00133030
0.00141230
0.00149810
0.00157610
0.00165870
0.00174360
0.00182370
0.00188890
0.00197700
0.00205520
0.00214320
0.00224470
0.00230100
0.00238870
0.00247130
0.00255250
0.00263180
0.00268670
0.00278390
0.00287400
0.00292910
0.00299480
0.00310580
0.00320000
0.00326790
0.00335000
0.00347150
0.00348230
0.00358100
0.00366630
0.00375990
0.00382950
0.00389570
0.00400740
