0.00000000
0.00011490
0.00027430
0.00050520
0.00063940
0.00099020
0.00114480
0.00129920
0.00145220
0.00202170
0.00219820
0.00238370
0.00255770
0.00273500
0.00291590
0.00308150
0.00326790
0.00423940
0.00444180
0.00463700
0.00485430
0.00504170
0.00524960
0.00547310
0.00564720
0.00584590
0.00605430
0.00626150
0.00644720
0.00665870
0.00683950
0.00706690
0.00723140
0.00903640
0.00923450
0.00948730
0.00973700
0.00996740
0.01020390
0.01043650
0.01060300
0.01080490
0.01101780
0.01127840
0.01157470
0.01176810
0.01201370
0.01213550
0.01235030
0.01263840
0.01279740
