0.00000000
0.01379870
0.05546540
0.12548630
0.21992600
0.34394840
0.50123190
0.68401060
0.89505710
1.12910990
1.40066200
1.69921450
2.01912490
2.34172180
2.72656400
3.11437340
3.54695440
4.00451590
4.48338720
4.99978210
5.51993330
6.10184760
6.66451110
7.29166380
7.95924210
8.66732630
9.36681030
10.05013220
10.82353020
11.66167740
12.40649090
13.26858620
14.12034920
15.04947360
16.01602270
16.89173590
17.87196740
18.82312500
19.82362820
20.92244320
22.00644530
23.17764330
24.24483590
25.41007100
26.64022380
27.82501050
29.19926270
30.37905040
31.60744230
32.98789560
34.33414020
