0.00000000
0.00022360
0.00049130
0.00080350
0.00105730
0.00133840
0.00161200
0.00183340
0.00220560
0.00240210
0.00279300
0.00300920
0.00323550
0.00355410
0.00392410
0.00387960
0.00434640
0.00459080
0.00509750
0.00545060
0.00576440
0.00563870
0.00615680
0.00658740
0.00666740
0.00705200
0.00742590
0.00782640
0.00798680
0.00821050
0.00844130
0.00940120
0.00885310
0.00925650
0.01003530
0.01005200
0.00996650
0.01068250
0.01185490
0.01040620
0.01156920
0.01181620
0.01183470
0.01212790
0.01274210
0.01252390
0.01360420
0.01267110
0.01353470
0.01394230
0.01458850
