0.00000000
0.00022060
0.00048860
0.00074000
0.00101900
0.00133940
0.00159970
0.00189780
0.00220450
0.00252200
0.00282320
0.00313600
0.00346780
0.00379300
0.00409080
0.00441380
0.00473550
0.00509050
0.00540210
0.00579840
0.00606870
0.00642750
0.00676680
0.00711510
0.00737010
0.00777280
0.00823240
0.00863890
0.00891940
0.00914980
0.00955570
0.00987860
0.01037790
0.01063490
0.01102630
0.01137890
0.01171770
0.01207820
0.01253280
0.01272540
0.01321590
0.01354410
0.01383050
0.01427150
0.01462380
0.01504880
0.01530420
0.01596110
0.01613210
0.01655070
0.01668070
