0.00000000
0.00174680
0.00642660
0.01464250
0.02852820
0.05054060
0.08621550
0.13270290
0.19878060
0.28181010
0.38965250
0.50846710
0.64623420
0.80070100
0.97545950
1.16785840
1.38325510
1.62300080
1.87825910
2.14587540
2.45009170
2.76612770
3.09493820
3.44981320
3.81327870
4.20939550
4.64023790
5.06337200
5.51013830
5.96087160
6.48997710
6.99603990
7.57015790
8.10409470
8.69079010
9.28489690
9.93775660
10.55586990
11.35855250
11.95951350
12.58650800
13.31129760
14.04114110
14.74967730
15.57837450
16.42731260
17.25252150
18.07206630
18.95642820
19.90849010
20.77210560
