0.00000000
0.00144400
0.00617010
0.01264390
0.02515260
0.03743740
0.05507240
0.06744200
0.10546030
0.11289580
0.15572640
0.16369840
0.23760780
0.23748240
0.29168940
0.30190840
0.43664780
0.40383840
0.49977990
0.50246490
0.64797820
0.64095240
0.72493380
0.72131880
0.95094710
0.85359970
1.00880520
0.98916470
1.25529840
1.19000760
1.33560710
1.32255530
1.77101910
1.49841290
1.74694950
1.64045360
2.09815300
1.91606080
2.19123100
2.27084780
3.31293360
3.12709050
3.06926280
2.73323700
3.29102820
2.85295350
3.19767900
3.03307500
3.89576170
3.29784630
3.68991520
