0.00000000
0.00017020
0.00035210
0.00058990
0.00077120
0.00115070
0.00132410
0.00152020
0.00171030
0.00232760
0.00254420
0.00275720
0.00295260
0.00317260
0.00338040
0.00357640
0.00379650
0.00489550
0.00511400
0.00534630
0.00558480
0.00583160
0.00607600
0.00630460
0.00652460
0.00679440
0.00702400
0.00726540
0.00746870
0.00771000
0.00797410
0.00821830
0.00841050
0.01045460
0.01068290
0.01097590
0.01124460
0.01145270
0.01180370
0.01202150
0.01229330
0.01256110
0.01279840
0.01313520
0.01341740
0.01360900
0.01387090
0.01419560
0.01439100
0.01463460
0.01487390
