0.00000000
0.00046740
0.00104470
0.00164350
0.00230870
0.00296290
0.00366590
0.00436850
0.00506000
0.00578300
0.00652170
0.00725210
0.00794780
0.00873570
0.00951120
0.01021900
0.01108420
0.01186030
0.01255660
0.01335190
0.01431980
0.01514720
0.01581000
0.01671460
0.01746140
0.01838640
0.01921580
0.02002190
0.02088700
0.02172620
0.02239190
0.02333410
0.02417750
0.02495170
0.02574710
0.02682240
0.02761440
0.02852960
0.02938550
0.03018770
0.03099530
0.03182670
0.03280700
0.03367020
0.03448740
0.03522310
0.03607760
0.03714530
0.03816380
0.03871970
0.03966960
