0.00000000
0.02033750
0.08182350
0.18360390
0.32947620
0.51440890
0.74028070
1.01114040
1.31199210
1.66202250
2.05486450
2.49939510
2.96990800
3.49878130
4.04236090
4.62703370
5.25957930
5.94215940
6.65173320
7.43974010
8.23050680
9.12363640
9.97563410
10.93218510
11.85164950
12.89049370
13.92743990
15.05397240
16.09385880
17.34266840
18.50160250
19.80433620
21.09479260
22.42527840
23.80288910
25.25581640
26.71026200
28.30467780
29.75474760
31.32548340
33.10602250
36.00412520
38.09031910
39.80662570
41.49910940
43.40738390
45.08950180
48.32125120
47.47726700
49.43486810
51.55723400
