0.00000000
0.00108760
0.00222560
0.00338490
0.00454370
0.00574760
0.00692760
0.00813330
0.00932040
0.01053330
0.01176110
0.01298420
0.01418390
0.01541600
0.01662970
0.01782410
0.01898860
0.02024900
0.02149750
0.02277210
0.02405340
0.02529640
0.02653080
0.02772830
0.02898240
0.03022240
0.03148420
0.03263710
0.03391080
0.03519350
0.03646000
0.03763800
0.03884280
0.04005830
0.04137360
0.04261240
0.04389290
0.04517620
0.04653990
0.04780510
0.04909040
0.05034580
0.05149700
0.05291810
0.05423420
0.05546940
0.05655400
0.05794360
0.05918680
0.06027660
0.06158020
