0.00000000
0.00011410
0.00023500
0.00036040
0.00048870
0.00061630
0.00074870
0.00087610
0.00100070
0.00114560
0.00128220
0.00141770
0.00156010
0.00168310
0.00183590
0.00195820
0.00209120
0.00222570
0.00237820
0.00251190
0.00265890
0.00281560
0.00292480
0.00304790
0.00320930
0.00338680
0.00347950
0.00362540
0.00375570
0.00393680
0.00402460
0.00421290
0.00435180
0.00448110
0.00464760
0.00468230
0.00487050
0.00511130
0.00523780
0.00535070
0.00545980
0.00560320
0.00576690
0.00591020
0.00606010
0.00620370
0.00633850
0.00649520
0.00667980
0.00684420
0.00695310
