0.00000010
0.00434660
0.01731120
0.03785790
0.06714000
0.10455560
0.15105680
0.20692200
0.27042710
0.34208910
0.41896970
0.50945480
0.60784920
0.71210290
0.82522690
0.95156030
1.08491180
1.21952790
1.36532910
1.52803190
1.69826440
1.88676270
2.06085850
2.24183720
2.43295010
2.66189000
2.84709460
3.07902400
3.32219130
3.56363930
3.80052710
4.05287950
4.33848450
4.60410850
4.90072900
5.17138480
5.47850220
5.78970230
6.10307110
6.43006530
6.78214570
7.15152390
7.62604480
7.83970570
8.17828680
8.60483740
8.95498320
9.36516110
9.78316280
10.16349620
10.59800580
