0.00000000
0.00026220
0.00057320
0.00088710
0.00125050
0.00156920
0.00192740
0.00222720
0.00270100
0.00299730
0.00342160
0.00370850
0.00417490
0.00448430
0.00478430
0.00527120
0.00582280
0.00599420
0.00648800
0.00660290
0.00738210
0.00765920
0.00795900
0.00828730
0.00897580
0.00908850
0.00972870
0.00992370
0.01044050
0.01084810
0.01146260
0.01179260
0.01252580
0.01231930
0.01302340
0.01287320
0.01388820
0.01411770
0.01419030
0.01471260
0.01583180
0.01580390
0.01656860
0.01649850
0.01711330
0.01758150
0.01801470
0.01877500
0.01923010
0.01986040
0.01932950
