0.00000000
0.00019130
0.00034800
0.00054090
0.00070110
0.00099790
0.00116250
0.00132800
0.00149760
0.00200010
0.00218450
0.00237590
0.00254810
0.00272530
0.00290920
0.00308460
0.00326510
0.00416300
0.00435800
0.00455160
0.00476870
0.00497240
0.00522060
0.00537660
0.00556950
0.00577440
0.00595800
0.00618120
0.00638360
0.00655340
0.00674050
0.00696060
0.00713590
0.00881940
0.00904740
0.00933130
0.00950300
0.00974930
0.00995100
0.01019450
0.01036850
0.01065980
0.01079250
0.01112100
0.01128260
0.01156080
0.01179400
0.01194790
0.01222420
0.01240800
0.01259470
