0.00000000
0.00404310
0.01624060
0.03649620
0.06539030
0.10356960
0.14709170
0.20221830
0.26700790
0.33710220
0.41174620
0.50087260
0.59993550
0.70653250
0.81820790
0.94359740
1.08077960
1.21519200
1.36212720
1.52192210
1.66231020
1.84108760
2.01873180
2.63040730
2.40310480
2.69562450
3.12112010
3.48917080
3.62373320
3.59087990
3.85423330
4.04501040
4.30206740
4.62050800
4.84236010
5.18138080
5.44346000
5.70724300
6.10153400
6.46089410
6.65789020
6.99874260
7.40604050
7.70790850
8.08908520
8.47376170
8.92970270
9.23034040
9.70789450
10.10476400
10.44728260
