0.00000000
0.00052650
0.00115680
0.00184400
0.00252820
0.00325730
0.00403860
0.00475850
0.00556720
0.00632290
0.00715880
0.00795600
0.00868400
0.00945870
0.01037550
0.01114680
0.01199730
0.01286230
0.01365540
0.01453060
0.01562110
0.01649170
0.01734100
0.01818740
0.01907060
0.01995370
0.02071750
0.02168490
0.02264890
0.02344220
0.02430700
0.02523970
0.02614230
0.02690260
0.02789090
0.02892230
0.02962990
0.03082420
0.03176740
0.03277670
0.03349160
0.03431420
0.03550080
0.03637760
0.03756450
0.03826820
0.03923970
0.04021500
0.04121090
0.04228680
0.04302470
