0.00000000
0.00004770
0.00010030
0.00017350
0.00021330
0.00032460
0.00036820
0.00042690
0.00045680
0.00057100
0.00068870
0.00073890
0.00079400
0.00086200
0.00091050
0.00095510
0.00098200
0.00107810
0.00122340
0.00139890
0.00147890
0.00152520
0.00156870
0.00165360
0.00168740
0.00180200
0.00183440
0.00190560
0.00195670
0.00205680
0.00204450
0.00219110
0.00211290
0.00229070
0.00229770
0.00252820
0.00259220
0.00287480
0.00294180
0.00303170
0.00310080
0.00315700
0.00322920
0.00337400
0.00333450
0.00345500
0.00350660
0.00355060
0.00357540
0.00375500
0.00378400
