0.00000000
0.00008680
0.00017840
0.00029410
0.00037250
0.00048400
0.00061210
0.00070210
0.00078820
0.00089120
0.00102370
0.00114310
0.00128950
0.00137480
0.00147850
0.00156640
0.00163600
0.00175640
0.00187930
0.00200220
0.00213050
0.00228380
0.00240560
0.00255830
0.00266150
0.00278850
0.00291350
0.00299850
0.00308620
0.00315630
0.00325770
0.00334320
0.00343540
0.00352420
0.00368830
0.00379270
0.00392640
0.00403720
0.00419050
0.00428340
0.00445200
0.00454230
0.00477180
0.00488450
0.00501620
0.00517150
0.00530450
0.00532620
0.00549300
0.00566840
0.00580830
