0.00000000
0.00008620
0.00018590
0.00030700
0.00040920
0.00056010
0.00067160
0.00077950
0.00088570
0.00109350
0.00122450
0.00132070
0.00145020
0.00158610
0.00169120
0.00182330
0.00194820
0.00221120
0.00233500
0.00247500
0.00260260
0.00274460
0.00285040
0.00298160
0.00308800
0.00325970
0.00339420
0.00354910
0.00369650
0.00380350
0.00392420
0.00405300
0.00417690
0.00463130
0.00476540
0.00492820
0.00501310
0.00519630
0.00527830
0.00549640
0.00558270
0.00571140
0.00591710
0.00604640
0.00618580
0.00634670
0.00646250
0.00653800
0.00668110
0.00688830
0.00694240
