0.00000000
0.01986010
0.08015930
0.18025790
0.32051380
0.50233460
0.72547160
0.98646020
1.28832600
1.63164630
2.01526390
2.45393870
2.90737990
3.39645460
3.95112520
4.57863500
5.16188000
5.85053250
6.52525910
7.28714290
8.03237850
8.90137460
9.73499090
10.65089050
11.64408470
12.59130460
13.59289580
14.67737400
15.76791830
16.90750980
18.15356640
19.31402220
20.70685910
21.92096840
23.23196610
24.60973400
26.08894600
27.57492270
29.07728960
30.58931070
32.26447280
33.93282800
35.65731420
37.26308910
39.08604300
40.80807530
42.64649380
44.47172390
46.36362650
48.37240670
50.40727520
