0.00000000
0.00009600
0.00019940
0.00030990
0.00041570
0.00053900
0.00064260
0.00074620
0.00085790
0.00099270
0.00112110
0.00124170
0.00134020
0.00145740
0.00156180
0.00165760
0.00177500
0.00191530
0.00204040
0.00215700
0.00231350
0.00243960
0.00255700
0.00268460
0.00280700
0.00286750
0.00301560
0.00315260
0.00322100
0.00333100
0.00346760
0.00357040
0.00370530
0.00384510
0.00398480
0.00408020
0.00433260
0.00436440
0.00452480
0.00465300
0.00482210
0.00496010
0.00507250
0.00524740
0.00530860
0.00536000
0.00550660
0.00564160
0.00586570
0.00587240
0.00597430
