0.00000000
0.00043930
0.00227680
0.00098270
0.02259290
0.08716150
0.18934430
0.33891740
0.51966870
0.74637220
1.01188040
1.33082980
1.67412140
2.06544730
2.50149550
2.97781160
3.54516330
4.06186580
4.66234000
5.29024170
5.96579730
6.69051640
7.45352160
8.27722020
9.12789060
10.00862570
10.93927640
11.88217920
12.94538510
13.94359820
15.03687920
16.15425840
17.30806540
18.53850130
19.78759760
21.09094230
22.46236450
23.83194770
25.36592740
26.79083100
28.17316780
29.72931080
31.36157930
33.05914380
34.66444910
36.37729980
38.08360130
39.85768970
41.83308290
43.67015510
45.57971200
