0.00000000
0.00025560
0.00133820
0.00111740
0.00180920
0.00158310
0.00514840
0.00318310
0.00399100
0.02307610
0.00334680
0.00745130
0.00685540
0.00493690
0.00517230
0.01583590
0.00623930
0.01625980
0.00804130
0.00766620
0.01092860
0.01098670
0.01414560
0.03018340
0.01291810
0.05137890
0.01273900
0.01759700
0.01653390
0.01214540
0.01282550
0.03372350
0.01305300
0.02703050
0.06156510
0.11501230
0.23183700
0.17727830
0.08742590
0.04237200
0.01777390
0.02010510
0.03294190
0.01842290
0.02165320
0.05187680
0.02738830
0.02858550
0.04706540
0.03100410
0.03010580
