
 При x = 213 и eps = 1e-010 таблица выглядит следующим образом: 
|________i_______|________a_______|________S_______|
|        0       |            1   |            1   |
|        1       |          426   |          427   |
|        2       |        68054   |        68480   |
|        3       |  6.4424e+006   |  6.5109e+006   |
|        4       |  4.2882e+008   |  4.3533e+008   |
|        5       |  2.1921e+010   |  2.2357e+010   |
|        6       |  9.0791e+011   |  9.3027e+011   |
|        7       |  3.1573e+013   |  3.2503e+013   |
|        8       |  9.4571e+014   |  9.7822e+014   |
|        9       |  2.4869e+016   |  2.5847e+016   |
|       10       |  5.8267e+017   |  6.0852e+017   |
|       11       |  1.2308e+019   |  1.2917e+019   |
|       12       |  2.3668e+020   |   2.496e+020   |
|       13       |  4.1762e+021   |  4.4258e+021   |
|       14       |  6.8077e+022   |  7.2502e+022   |
|       15       |  1.0311e+024   |  1.1036e+024   |
|       16       |  1.4585e+025   |  1.5689e+025   |
|       17       |  1.9349e+026   |  2.0918e+026   |
|       18       |  2.4168e+027   |   2.626e+027   |
|       19       |   2.852e+028   |  3.1146e+028   |
|       20       |  3.1892e+029   |  3.5007e+029   |
|       21       |  3.3888e+030   |  3.7389e+030   |
|       22       |  3.4301e+031   |   3.804e+031   |
|       23       |  3.3147e+032   |  3.6951e+032   |
|       24       |  3.0644e+033   |  3.4339e+033   |
|       25       |  2.7153e+034   |  3.0587e+034   |
|       26       |    2.31e+035   |  2.6159e+035   |
|       27       |  1.8898e+036   |  2.1514e+036   |
|       28       |   1.489e+037   |  1.7041e+037   |
|       29       |  1.1313e+038   |  1.3017e+038   |
|       30       |  8.3002e+038   |   9.602e+038   |
|       31       |   5.887e+039   |  6.8472e+039   |
|       32       |   4.041e+040   |  4.7257e+040   |
|       33       |  2.6873e+041   |  3.1599e+041   |
|       34       |   1.733e+042   |   2.049e+042   |
|       35       |  1.0848e+043   |  1.2897e+043   |
|       36       |  6.5968e+043   |  7.8865e+043   |
|       37       |  3.9002e+044   |  4.6889e+044   |
|       38       |  2.2437e+045   |  2.7126e+045   |
|       39       |  1.2568e+046   |  1.5281e+046   |
|       40       |    6.86e+046   |  8.3881e+046   |
|       41       |  3.6508e+047   |  4.4896e+047   |
|       42       |  1.8955e+048   |  2.3445e+048   |
|       43       |  9.6079e+048   |  1.1952e+049   |
|       44       |  4.7568e+049   |  5.9521e+049   |
|       45       |  2.3016e+050   |  2.8968e+050   |
|       46       |  1.0889e+051   |  1.3786e+051   |
|       47       |  5.0398e+051   |  6.4184e+051   |
|       48       |   2.283e+052   |  2.9249e+052   |
|       49       |  1.0127e+053   |  1.3052e+053   |
|       50       |  4.4002e+053   |  5.7054e+053   |
|       51       |  1.8738e+054   |  2.4443e+054   |
|       52       |  7.8229e+054   |  1.0267e+055   |
|       53       |  3.2032e+055   |    4.23e+055   |
|       54       |  1.2869e+056   |  1.7099e+056   |
|       55       |  5.0744e+056   |  6.7843e+056   |
|       56       |  1.9646e+057   |   2.643e+057   |
|       57       |    7.47e+057   |  1.0113e+058   |
|       58       |  2.7906e+058   |  3.8019e+058   |
|       59       |  1.0245e+059   |  1.4047e+059   |
|       60       |  3.6977e+059   |  5.1024e+059   |
|       61       |  1.3123e+060   |  1.8226e+060   |
|       62       |  4.5812e+060   |  6.4038e+060   |
|       63       |  1.5735e+061   |  2.2138e+061   |
|       64       |  5.3185e+061   |  7.5324e+061   |
|       65       |  1.7697e+062   |  2.5229e+062   |
|       66       |  5.7977e+062   |  8.3206e+062   |
|       67       |  1.8707e+063   |  2.7027e+063   |
|       68       |  5.9457e+063   |  8.6484e+063   |
|       69       |   1.862e+064   |  2.7269e+064   |
|       70       |  5.7468e+064   |  8.4737e+064   |
|       71       |  1.7483e+065   |  2.5957e+065   |
|       72       |  5.2439e+065   |  7.8396e+065   |
|       73       |   1.551e+066   |   2.335e+066   |
|       74       |  4.5248e+066   |  6.8598e+066   |
|       75       |  1.3022e+067   |  1.9882e+067   |
|       76       |  3.6976e+067   |  5.6857e+067   |
|       77       |  1.0361e+068   |  1.6047e+068   |
|       78       |  2.8657e+068   |  4.4704e+068   |
|       79       |  7.8242e+068   |  1.2295e+069   |
|       80       |  2.1092e+069   |  3.3387e+069   |
|       81       |   5.615e+069   |  8.9537e+069   |
|       82       |  1.4763e+070   |  2.3717e+070   |
|       83       |  3.8343e+070   |  6.2059e+070   |
|       84       |  9.8383e+070   |  1.6044e+071   |
|       85       |  2.4944e+071   |  4.0988e+071   |
|       86       |  6.2498e+071   |  1.0349e+072   |
|       87       |  1.5477e+072   |  2.5826e+072   |
|       88       |  3.7887e+072   |  6.3713e+072   |
|       89       |  9.1693e+072   |  1.5541e+073   |
|       90       |  2.1942e+073   |  3.7482e+073   |
|       91       |  5.1922e+073   |  8.9405e+073   |
|       92       |  1.2152e+074   |  2.1092e+074   |
|       93       |  2.8131e+074   |  4.9223e+074   |
|       94       |  6.4421e+074   |  1.1364e+075   |
|       95       |  1.4596e+075   |   2.596e+075   |
|       96       |  3.2722e+075   |  5.8683e+075   |
|       97       |  7.2595e+075   |  1.3128e+076   |
|       98       |  1.5939e+076   |  2.9067e+076   |
|       99       |   3.464e+076   |  6.3707e+076   |
|      100       |  7.4521e+076   |  1.3823e+077   |
|      101       |  1.5871e+077   |  2.9694e+077   |
|      102       |  3.3468e+077   |  6.3162e+077   |
|      103       |  6.9883e+077   |  1.3305e+078   |
|      104       |   1.445e+078   |  2.7755e+078   |
|      105       |  2.9592e+078   |  5.7347e+078   |
|      106       |  6.0025e+078   |  1.1737e+079   |
|      107       |  1.2061e+079   |  2.3798e+079   |
|      108       |  2.4006e+079   |  4.7804e+079   |
|      109       |  4.7342e+079   |  9.5146e+079   |
|      110       |  9.2504e+079   |  1.8765e+080   |
|      111       |  1.7911e+080   |  3.6676e+080   |
|      112       |  3.4367e+080   |  7.1042e+080   |
|      113       |  6.5353e+080   |  1.3639e+081   |
|      114       |  1.2318e+081   |  2.5957e+081   |
|      115       |  2.3013e+081   |   4.897e+081   |
|      116       |  4.2621e+081   |  9.1591e+081   |
|      117       |  7.8255e+081   |  1.6985e+082   |
|      118       |  1.4245e+082   |   3.123e+082   |
|      119       |  2.5712e+082   |  5.6942e+082   |
|      120       |   4.602e+082   |  1.0296e+083   |
|      121       |  8.1679e+082   |  1.8464e+083   |
|      122       |  1.4377e+083   |  3.2841e+083   |
|      123       |    2.51e+083   |  5.7941e+083   |
|      124       |  4.3463e+083   |   1.014e+084   |
|      125       |  7.4653e+083   |  1.7606e+084   |
|      126       |   1.272e+084   |  3.0326e+084   |
|      127       |  2.1502e+084   |  5.1827e+084   |
|      128       |  3.6059e+084   |  8.7887e+084   |
|      129       |  6.0002e+084   |  1.4789e+085   |
|      130       |  9.9066e+084   |  2.4695e+085   |
|      131       |  1.6231e+085   |  4.0926e+085   |
|      132       |  2.6389e+085   |  6.7315e+085   |
|      133       |   4.258e+085   |  1.0989e+086   |
|      134       |  6.8188e+085   |  1.7808e+086   |
|      135       |  1.0838e+086   |  2.8646e+086   |
|      136       |  1.7099e+086   |  4.5746e+086   |
|      137       |  2.6779e+086   |  7.2525e+086   |
|      138       |  4.1633e+086   |  1.1416e+087   |
|      139       |  6.4256e+086   |  1.7841e+087   |
|      140       |  9.8459e+086   |  2.7687e+087   |
|      141       |  1.4979e+087   |  4.2666e+087   |
|      142       |  2.2627e+087   |  6.5293e+087   |
|      143       |  3.3938e+087   |  9.9231e+087   |
|      144       |  5.0549e+087   |  1.4978e+088   |
|      145       |  7.4767e+087   |  2.2455e+088   |
|      146       |  1.0983e+088   |  3.3437e+088   |
|      147       |  1.6022e+088   |  4.9459e+088   |
|      148       |  2.3214e+088   |  7.2673e+088   |
|      149       |  3.3408e+088   |  1.0608e+089   |
|      150       |  4.7756e+088   |  1.5384e+089   |
|      151       |   6.781e+088   |  2.2165e+089   |
|      152       |  9.5648e+088   |  3.1729e+089   |
|      153       |  1.3403e+089   |  4.5132e+089   |
|      154       |  1.8658e+089   |   6.379e+089   |
|      155       |  2.5805e+089   |  8.9595e+089   |
|      156       |   3.546e+089   |  1.2506e+090   |
|      157       |  4.8414e+089   |  1.7347e+090   |
|      158       |   6.568e+089   |  2.3915e+090   |
|      159       |   8.854e+089   |  3.2769e+090   |
|      160       |  1.1861e+090   |   4.463e+090   |
|      161       |  1.5789e+090   |  6.0418e+090   |
|      162       |  2.0887e+090   |  8.1306e+090   |
|      163       |  2.7462e+090   |  1.0877e+091   |
|      164       |  3.5885e+090   |  1.4465e+091   |
|      165       |  4.6605e+090   |  1.9126e+091   |
|      166       |   6.016e+090   |  2.5142e+091   |
|      167       |  7.7191e+090   |  3.2861e+091   |
|      168       |   9.845e+090   |  4.2706e+091   |
|      169       |  1.2482e+091   |  5.5187e+091   |
|      170       |  1.5731e+091   |  7.0918e+091   |
|      171       |  1.9709e+091   |  9.0627e+091   |
|      172       |  2.4549e+091   |  1.1518e+092   |
|      173       |    3.04e+091   |  1.4558e+092   |
|      174       |  3.7427e+091   |    1.83e+092   |
|      175       |  4.5815e+091   |  2.2882e+092   |
|      176       |  5.5761e+091   |  2.8458e+092   |
|      177       |  6.7481e+091   |  3.5206e+092   |
|      178       |  8.1204e+091   |  4.3326e+092   |
|      179       |  9.7168e+091   |  5.3043e+092   |
|      180       |  1.1562e+092   |  6.4605e+092   |
|      181       |  1.3681e+092   |  7.8287e+092   |
|      182       |    1.61e+092   |  9.4386e+092   |
|      183       |  1.8841e+092   |  1.1323e+093   |
|      184       |  2.1929e+092   |  1.3516e+093   |
|      185       |  2.5385e+092   |  1.6054e+093   |
|      186       |  2.9226e+092   |  1.8977e+093   |
|      187       |  3.3468e+092   |  2.2324e+093   |
|      188       |   3.812e+092   |  2.6136e+093   |
|      189       |  4.3188e+092   |  3.0454e+093   |
|      190       |  4.8671e+092   |  3.5321e+093   |
|      191       |  5.4561e+092   |  4.0778e+093   |
|      192       |  6.0844e+092   |  4.6862e+093   |
|      193       |  6.7497e+092   |  5.3612e+093   |
|      194       |  7.4489e+092   |  6.1061e+093   |
|      195       |  8.1783e+092   |  6.9239e+093   |
|      196       |  8.9329e+092   |  7.8172e+093   |
|      197       |  9.7075e+092   |  8.7879e+093   |
|      198       |  1.0496e+093   |  9.8375e+093   |
|      199       |   1.129e+093   |  1.0967e+094   |
|      200       |  1.2084e+093   |  1.2175e+094   |
|      201       |   1.287e+093   |  1.3462e+094   |
|      202       |  1.3638e+093   |  1.4826e+094   |
|      203       |   1.438e+093   |  1.6264e+094   |
|      204       |  1.5088e+093   |  1.7773e+094   |
|      205       |  1.5753e+093   |  1.9348e+094   |
|      206       |  1.6368e+093   |  2.0985e+094   |
|      207       |  1.6923e+093   |  2.2677e+094   |
|      208       |  1.7414e+093   |  2.4418e+094   |
|      209       |  1.7832e+093   |  2.6201e+094   |
|      210       |  1.8173e+093   |  2.8019e+094   |
|      211       |  1.8432e+093   |  2.9862e+094   |
|      212       |  1.8606e+093   |  3.1723e+094   |
|      213       |  1.8693e+093   |  3.3592e+094   |
|      214       |  1.8693e+093   |  3.5461e+094   |
|      215       |  1.8605e+093   |  3.7322e+094   |
|      216       |  1.8432e+093   |  3.9165e+094   |
|      217       |  1.8175e+093   |  4.0982e+094   |
|      218       |   1.784e+093   |  4.2766e+094   |
|      219       |   1.743e+093   |  4.4509e+094   |
|      220       |  1.6953e+093   |  4.6205e+094   |
|      221       |  1.6413e+093   |  4.7846e+094   |
|      222       |  1.5818e+093   |  4.9428e+094   |
|      223       |  1.5177e+093   |  5.0945e+094   |
|      224       |  1.4496e+093   |  5.2395e+094   |
|      225       |  1.3784e+093   |  5.3773e+094   |
|      226       |  1.3048e+093   |  5.5078e+094   |
|      227       |  1.2298e+093   |  5.6308e+094   |
|      228       |  1.1539e+093   |  5.7462e+094   |
|      229       |   1.078e+093   |   5.854e+094   |
|      230       |  1.0026e+093   |  5.9543e+094   |
|      231       |   9.285e+092   |  6.0471e+094   |
|      232       |  8.5613e+092   |  6.1327e+094   |
|      233       |    7.86e+092   |  6.2113e+094   |
|      234       |  7.1852e+092   |  6.2832e+094   |
|      235       |  6.5403e+092   |  6.3486e+094   |
|      236       |  5.9279e+092   |  6.4079e+094   |
|      237       |  5.3501e+092   |  6.4614e+094   |
|      238       |  4.8082e+092   |  6.5094e+094   |
|      239       |  4.3031e+092   |  6.5525e+094   |
|      240       |  3.8349e+092   |  6.5908e+094   |
|      241       |  3.4034e+092   |  6.6248e+094   |
|      242       |  3.0079e+092   |  6.6549e+094   |
|      243       |  2.6474e+092   |  6.6814e+094   |
|      244       |  2.3206e+092   |  6.7046e+094   |
|      245       |  2.0257e+092   |  6.7249e+094   |
|      246       |  1.7611e+092   |  6.7425e+094   |
|      247       |  1.5248e+092   |  6.7577e+094   |
|      248       |  1.3149e+092   |  6.7709e+094   |
|      249       |  1.1293e+092   |  6.7822e+094   |
|      250       |  9.6602e+091   |  6.7918e+094   |
|      251       |  8.2304e+091   |  6.8001e+094   |
|      252       |  6.9843e+091   |   6.807e+094   |
|      253       |  5.9033e+091   |  6.8129e+094   |
|      254       |  4.9699e+091   |  6.8179e+094   |
|      255       |  4.1676e+091   |  6.8221e+094   |
|      256       |  3.4811e+091   |  6.8256e+094   |
|      257       |  2.8963e+091   |  6.8285e+094   |
|      258       |  2.4004e+091   |  6.8309e+094   |
|      259       |  1.9817e+091   |  6.8328e+094   |
|      260       |  1.6297e+091   |  6.8345e+094   |
|      261       |  1.3351e+091   |  6.8358e+094   |
|      262       |  1.0896e+091   |  6.8369e+094   |
|      263       |  8.8577e+090   |  6.8378e+094   |
|      264       |  7.1736e+090   |  6.8385e+094   |
|      265       |  5.7877e+090   |  6.8391e+094   |
|      266       |   4.652e+090   |  6.8395e+094   |
|      267       |   3.725e+090   |  6.8399e+094   |
|      268       |  2.9716e+090   |  6.8402e+094   |
|      269       |  2.3617e+090   |  6.8404e+094   |
|      270       |    1.87e+090   |  6.8406e+094   |
|      271       |  1.4752e+090   |  6.8408e+094   |
|      272       |  1.1595e+090   |  6.8409e+094   |
|      273       |  9.0797e+089   |   6.841e+094   |
|      274       |   7.084e+089   |  6.8411e+094   |
|      275       |  5.5069e+089   |  6.8411e+094   |
|      276       |  4.2653e+089   |  6.8412e+094   |
|      277       |  3.2916e+089   |  6.8412e+094   |
|      278       |  2.5311e+089   |  6.8412e+094   |
|      279       |  1.9392e+089   |  6.8412e+094   |
|      280       |  1.4805e+089   |  6.8413e+094   |
|      281       |  1.1262e+089   |  6.8413e+094   |
|      282       |  8.5366e+088   |  6.8413e+094   |
|      283       |  6.4478e+088   |  6.8413e+094   |
|      284       |  4.8529e+088   |  6.8413e+094   |
|      285       |  3.6396e+088   |  6.8413e+094   |
|      286       |  2.7201e+088   |  6.8413e+094   |
|      287       |  2.0258e+088   |  6.8413e+094   |
|      288       |  1.5034e+088   |  6.8413e+094   |
|      289       |  1.1119e+088   |  6.8413e+094   |
|      290       |  8.1949e+087   |  6.8413e+094   |
|      291       |   6.019e+087   |  6.8413e+094   |
|      292       |  4.4056e+087   |  6.8413e+094   |
|      293       |  3.2136e+087   |  6.8413e+094   |
|      294       |  2.3362e+087   |  6.8413e+094   |
|      295       |  1.6925e+087   |  6.8413e+094   |
|      296       |   1.222e+087   |  6.8413e+094   |
|      297       |  8.7935e+086   |  6.8413e+094   |
|      298       |  6.3064e+086   |  6.8413e+094   |
|      299       |  4.5076e+086   |  6.8413e+094   |
|      300       |   3.211e+086   |  6.8413e+094   |
|      301       |  2.2798e+086   |  6.8413e+094   |
|      302       |  1.6133e+086   |  6.8413e+094   |
|      303       |  1.1378e+086   |  6.8413e+094   |
|      304       |  7.9985e+085   |  6.8413e+094   |
|      305       |  5.6041e+085   |  6.8413e+094   |
|      306       |  3.9137e+085   |  6.8413e+094   |
|      307       |  2.7242e+085   |  6.8413e+094   |
|      308       |    1.89e+085   |  6.8413e+094   |
|      309       |  1.3071e+085   |  6.8413e+094   |
|      310       |  9.0098e+084   |  6.8413e+094   |
|      311       |  6.1905e+084   |  6.8413e+094   |
|      312       |  4.2398e+084   |  6.8413e+094   |
|      313       |  2.8944e+084   |  6.8413e+094   |
|      314       |  1.9697e+084   |  6.8413e+094   |
|      315       |  1.3361e+084   |  6.8413e+094   |
|      316       |  9.0345e+083   |  6.8413e+094   |
|      317       |  6.0896e+083   |  6.8413e+094   |
|      318       |  4.0917e+083   |  6.8413e+094   |
|      319       |  2.7407e+083   |  6.8413e+094   |
|      320       |    1.83e+083   |  6.8413e+094   |
|      321       |  1.2181e+083   |  6.8413e+094   |
|      322       |  8.0823e+082   |  6.8413e+094   |
|      323       |  5.3463e+082   |  6.8413e+094   |
|      324       |  3.5256e+082   |  6.8413e+094   |
|      325       |  2.3177e+082   |  6.8413e+094   |
|      326       |   1.519e+082   |  6.8413e+094   |
|      327       |  9.9245e+081   |  6.8413e+094   |
|      328       |  6.4645e+081   |  6.8413e+094   |
|      329       |   4.198e+081   |  6.8413e+094   |
|      330       |  2.7178e+081   |  6.8413e+094   |
|      331       |  1.7542e+081   |  6.8413e+094   |
|      332       |  1.1288e+081   |  6.8413e+094   |
|      333       |  7.2421e+080   |  6.8413e+094   |
|      334       |  4.6323e+080   |  6.8413e+094   |
|      335       |  2.9541e+080   |  6.8413e+094   |
|      336       |  1.8783e+080   |  6.8413e+094   |
|      337       |  1.1907e+080   |  6.8413e+094   |
|      338       |  7.5256e+079   |  6.8413e+094   |
|      339       |  4.7424e+079   |  6.8413e+094   |
|      340       |  2.9797e+079   |  6.8413e+094   |
|      341       |  1.8667e+079   |  6.8413e+094   |
|      342       |   1.166e+079   |  6.8413e+094   |
|      343       |  7.2618e+078   |  6.8413e+094   |
|      344       |  4.5095e+078   |  6.8413e+094   |
|      345       |  2.7922e+078   |  6.8413e+094   |
|      346       |  1.7239e+078   |  6.8413e+094   |
|      347       |  1.0612e+078   |  6.8413e+094   |
|      348       |   6.514e+077   |  6.8413e+094   |
|      349       |   3.987e+077   |  6.8413e+094   |
|      350       |  2.4333e+077   |  6.8413e+094   |
|      351       |  1.4808e+077   |  6.8413e+094   |
|      352       |  8.9861e+076   |  6.8413e+094   |
|      353       |  5.4376e+076   |  6.8413e+094   |
|      354       |   3.281e+076   |  6.8413e+094   |
|      355       |  1.9741e+076   |  6.8413e+094   |
|      356       |  1.1845e+076   |  6.8413e+094   |
|      357       |  7.0868e+075   |  6.8413e+094   |
|      358       |  4.2283e+075   |  6.8413e+094   |
|      359       |  2.5157e+075   |  6.8413e+094   |
|      360       |  1.4926e+075   |  6.8413e+094   |
|      361       |   8.831e+074   |  6.8413e+094   |
|      362       |  5.2105e+074   |  6.8413e+094   |
|      363       |  3.0658e+074   |  6.8413e+094   |
|      364       |  1.7989e+074   |  6.8413e+094   |
|      365       |  1.0527e+074   |  6.8413e+094   |
|      366       |  6.1429e+073   |  6.8413e+094   |
|      367       |   3.575e+073   |  6.8413e+094   |
|      368       |  2.0748e+073   |  6.8413e+094   |
|      369       |  1.2009e+073   |  6.8413e+094   |
|      370       |   6.932e+072   |  6.8413e+094   |
|      371       |  3.9906e+072   |  6.8413e+094   |
|      372       |  2.2911e+072   |  6.8413e+094   |
|      373       |  1.3118e+072   |  6.8413e+094   |
|      374       |   7.491e+071   |  6.8413e+094   |
|      375       |  4.2662e+071   |  6.8413e+094   |
|      376       |  2.4232e+071   |  6.8413e+094   |
|      377       |  1.3727e+071   |  6.8413e+094   |
|      378       |  7.7555e+070   |  6.8413e+094   |
|      379       |  4.3701e+070   |  6.8413e+094   |
|      380       |   2.456e+070   |  6.8413e+094   |
|      381       |  1.3767e+070   |  6.8413e+094   |
|      382       |  7.6962e+069   |  6.8413e+094   |
|      383       |  4.2913e+069   |  6.8413e+094   |
|      384       |  2.3865e+069   |  6.8413e+094   |
|      385       |  1.3238e+069   |  6.8413e+094   |
|      386       |  7.3237e+068   |  6.8413e+094   |
|      387       |  4.0413e+068   |  6.8413e+094   |
|      388       |  2.2243e+068   |  6.8413e+094   |
|      389       |   1.221e+068   |  6.8413e+094   |
|      390       |  6.6859e+067   |  6.8413e+094   |
|      391       |  3.6515e+067   |  6.8413e+094   |
|      392       |  1.9892e+067   |  6.8413e+094   |
|      393       |  1.0808e+067   |  6.8413e+094   |
|      394       |  5.8579e+066   |  6.8413e+094   |
|      395       |  3.1668e+066   |  6.8413e+094   |
|      396       |  1.7077e+066   |  6.8413e+094   |
|      397       |  9.1852e+065   |  6.8413e+094   |
|      398       |   4.928e+065   |  6.8413e+094   |
|      399       |  2.6373e+065   |  6.8413e+094   |
|      400       |  1.4079e+065   |  6.8413e+094   |
|      401       |   7.497e+064   |  6.8413e+094   |
|      402       |  3.9822e+064   |  6.8413e+094   |
|      403       |  2.1099e+064   |  6.8413e+094   |
|      404       |  1.1152e+064   |  6.8413e+094   |
|      405       |  5.8795e+063   |  6.8413e+094   |
|      406       |  3.0922e+063   |  6.8413e+094   |
|      407       |  1.6222e+063   |  6.8413e+094   |
|      408       |  8.4897e+062   |  6.8413e+094   |
|      409       |  4.4321e+062   |  6.8413e+094   |
|      410       |  2.3082e+062   |  6.8413e+094   |
|      411       |  1.1991e+062   |  6.8413e+094   |
|      412       |  6.2143e+061   |  6.8413e+094   |
|      413       |  3.2127e+061   |  6.8413e+094   |
|      414       |  1.6569e+061   |  6.8413e+094   |
|      415       |  8.5247e+060   |  6.8413e+094   |
|      416       |  4.3753e+060   |  6.8413e+094   |
|      417       |  2.2402e+060   |  6.8413e+094   |
|      418       |  1.1443e+060   |  6.8413e+094   |
|      419       |  5.8309e+059   |  6.8413e+094   |
|      420       |  2.9641e+059   |  6.8413e+094   |
|      421       |  1.5032e+059   |  6.8413e+094   |
|      422       |  7.6053e+058   |  6.8413e+094   |
|      423       |  3.8387e+058   |  6.8413e+094   |
|      424       |  1.9329e+058   |  6.8413e+094   |
|      425       |  9.7103e+057   |  6.8413e+094   |
|      426       |  4.8665e+057   |  6.8413e+094   |
|      427       |  2.4333e+057   |  6.8413e+094   |
|      428       |  1.2138e+057   |  6.8413e+094   |
|      429       |  6.0405e+056   |  6.8413e+094   |
|      430       |  2.9991e+056   |  6.8413e+094   |
|      431       |  1.4856e+056   |  6.8413e+094   |
|      432       |  7.3417e+055   |  6.8413e+094   |
|      433       |  3.6199e+055   |  6.8413e+094   |
|      434       |  1.7807e+055   |  6.8413e+094   |
|      435       |  8.7391e+054   |  6.8413e+094   |
|      436       |  4.2791e+054   |  6.8413e+094   |
|      437       |  2.0905e+054   |  6.8413e+094   |
|      438       |  1.0189e+054   |  6.8413e+094   |
|      439       |   4.955e+053   |  6.8413e+094   |
|      440       |  2.4041e+053   |  6.8413e+094   |
|      441       |  1.1638e+053   |  6.8413e+094   |
|      442       |  5.6211e+052   |  6.8413e+094   |
|      443       |  2.7088e+052   |  6.8413e+094   |
|      444       |  1.3024e+052   |  6.8413e+094   |
|      445       |  6.2481e+051   |  6.8413e+094   |
|      446       |  2.9906e+051   |  6.8413e+094   |
|      447       |  1.4283e+051   |  6.8413e+094   |
|      448       |  6.8058e+050   |  6.8413e+094   |
|      449       |  3.2358e+050   |  6.8413e+094   |
|      450       |   1.535e+050   |  6.8413e+094   |
|      451       |  7.2656e+049   |  6.8413e+094   |
|      452       |  3.4314e+049   |  6.8413e+094   |
|      453       |   1.617e+049   |  6.8413e+094   |
|      454       |  7.6031e+048   |  6.8413e+094   |
|      455       |  3.5671e+048   |  6.8413e+094   |
|      456       |  1.6699e+048   |  6.8413e+094   |
|      457       |     7.8e+047   |  6.8413e+094   |
|      458       |  3.6354e+047   |  6.8413e+094   |
|      459       |  1.6907e+047   |  6.8413e+094   |
|      460       |  7.8457e+046   |  6.8413e+094   |
|      461       |  3.6329e+046   |  6.8413e+094   |
|      462       |  1.6785e+046   |  6.8413e+094   |
|      463       |  7.7386e+045   |  6.8413e+094   |
|      464       |  3.5601e+045   |  6.8413e+094   |
|      465       |  1.6342e+045   |  6.8413e+094   |
|      466       |  7.4859e+044   |  6.8413e+094   |
|      467       |  3.4216e+044   |  6.8413e+094   |
|      468       |  1.5606e+044   |  6.8413e+094   |
|      469       |  7.1028e+043   |  6.8413e+094   |
|      470       |  3.2258e+043   |  6.8413e+094   |
|      471       |  1.4619e+043   |  6.8413e+094   |
|      472       |   6.611e+042   |  6.8413e+094   |
|      473       |  2.9833e+042   |  6.8413e+094   |
|      474       |  1.3434e+042   |  6.8413e+094   |
|      475       |   6.037e+041   |  6.8413e+094   |
|      476       |  2.7071e+041   |  6.8413e+094   |
|      477       |  1.2114e+041   |  6.8413e+094   |
|      478       |  5.4092e+040   |  6.8413e+094   |
|      479       |  2.4104e+040   |  6.8413e+094   |
|      480       |  1.0718e+040   |  6.8413e+094   |
|      481       |  4.7562e+039   |  6.8413e+094   |
|      482       |  2.1062e+039   |  6.8413e+094   |
|      483       |  9.3073e+038   |  6.8413e+094   |
|      484       |  4.1045e+038   |  6.8413e+094   |
|      485       |  1.8063e+038   |  6.8413e+094   |
|      486       |  7.9328e+037   |  6.8413e+094   |
|      487       |  3.4767e+037   |  6.8413e+094   |
|      488       |  1.5206e+037   |  6.8413e+094   |
|      489       |   6.637e+036   |  6.8413e+094   |
|      490       |   2.891e+036   |  6.8413e+094   |
|      491       |  1.2567e+036   |  6.8413e+094   |
|      492       |  5.4516e+035   |  6.8413e+094   |
|      493       |  2.3601e+035   |  6.8413e+094   |
|      494       |  1.0197e+035   |  6.8413e+094   |
|      495       |  4.3966e+034   |  6.8413e+094   |
|      496       |  1.8919e+034   |  6.8413e+094   |
|      497       |  8.1243e+033   |  6.8413e+094   |
|      498       |  3.4818e+033   |  6.8413e+094   |
|      499       |  1.4892e+033   |  6.8413e+094   |
|      500       |  6.3567e+032   |  6.8413e+094   |
|      501       |  2.7079e+032   |  6.8413e+094   |
|      502       |  1.1513e+032   |  6.8413e+094   |
|      503       |  4.8849e+031   |  6.8413e+094   |
|      504       |  2.0685e+031   |  6.8413e+094   |
|      505       |   8.742e+030   |  6.8413e+094   |
|      506       |  3.6872e+030   |  6.8413e+094   |
|      507       |  1.5521e+030   |  6.8413e+094   |
|      508       |  6.5207e+029   |  6.8413e+094   |
|      509       |  2.7341e+029   |  6.8413e+094   |
|      510       |  1.1441e+029   |  6.8413e+094   |
|      511       |  4.7783e+028   |  6.8413e+094   |
|      512       |  1.9917e+028   |  6.8413e+094   |
|      513       |  8.2859e+027   |  6.8413e+094   |
|      514       |  3.4403e+027   |  6.8413e+094   |
|      515       |  1.4257e+027   |  6.8413e+094   |
|      516       |  5.8964e+026   |  6.8413e+094   |
|      517       |   2.434e+026   |  6.8413e+094   |
|      518       |  1.0028e+026   |  6.8413e+094   |
|      519       |  4.1234e+025   |  6.8413e+094   |
|      520       |  1.6922e+025   |  6.8413e+094   |
|      521       |  6.9317e+024   |  6.8413e+094   |
|      522       |  2.8339e+024   |  6.8413e+094   |
|      523       |  1.1563e+024   |  6.8413e+094   |
|      524       |  4.7094e+023   |  6.8413e+094   |
|      525       |  1.9143e+023   |  6.8413e+094   |
|      526       |  7.7665e+022   |  6.8413e+094   |
|      527       |   3.145e+022   |  6.8413e+094   |
|      528       |  1.2711e+022   |  6.8413e+094   |
|      529       |  5.1278e+021   |  6.8413e+094   |
|      530       |  2.0647e+021   |  6.8413e+094   |
|      531       |  8.2976e+020   |  6.8413e+094   |
|      532       |  3.3284e+020   |  6.8413e+094   |
|      533       |  1.3326e+020   |  6.8413e+094   |
|      534       |  5.3254e+019   |  6.8413e+094   |
|      535       |  2.1242e+019   |  6.8413e+094   |
|      536       |   8.457e+018   |  6.8413e+094   |
|      537       |  3.3607e+018   |  6.8413e+094   |
|      538       |   1.333e+018   |  6.8413e+094   |
|      539       |  5.2775e+017   |  6.8413e+094   |
|      540       |  2.0855e+017   |  6.8413e+094   |
|      541       |  8.2263e+016   |  6.8413e+094   |
|      542       |  3.2388e+016   |  6.8413e+094   |
|      543       |  1.2728e+016   |  6.8413e+094   |
|      544       |  4.9928e+015   |  6.8413e+094   |
|      545       |  1.9549e+015   |  6.8413e+094   |
|      546       |  7.6402e+014   |  6.8413e+094   |
|      547       |  2.9805e+014   |  6.8413e+094   |
|      548       |  1.1606e+014   |  6.8413e+094   |
|      549       |   4.511e+013   |  6.8413e+094   |
|      550       |  1.7502e+013   |  6.8413e+094   |
|      551       |  6.7779e+012   |  6.8413e+094   |
|      552       |  2.6201e+012   |  6.8413e+094   |
|      553       |   1.011e+012   |  6.8413e+094   |
|      554       |  3.8942e+011   |  6.8413e+094   |
|      555       |  1.4972e+011   |  6.8413e+094   |
|      556       |  5.7461e+010   |  6.8413e+094   |
|      557       |  2.2013e+010   |  6.8413e+094   |
|      558       |  8.4178e+009   |  6.8413e+094   |
|      559       |  3.2132e+009   |  6.8413e+094   |
|      560       |  1.2244e+009   |  6.8413e+094   |
|      561       |  4.6569e+008   |  6.8413e+094   |
|      562       |  1.7681e+008   |  6.8413e+094   |
|      563       |  6.7012e+007   |  6.8413e+094   |
|      564       |  2.5353e+007   |  6.8413e+094   |
|      565       |  9.5747e+006   |  6.8413e+094   |
|      566       |  3.6096e+006   |  6.8413e+094   |
|      567       |  1.3584e+006   |  6.8413e+094   |
|      568       |  5.1028e+005   |  6.8413e+094   |
|      569       |  1.9136e+005   |  6.8413e+094   |
|      570       |        71632   |  6.8413e+094   |
|      571       |        26768   |  6.8413e+094   |
|      572       |       9985.1   |  6.8413e+094   |
|      573       |       3718.2   |  6.8413e+094   |
|      574       |       1382.2   |  6.8413e+094   |
|      575       |       512.89   |  6.8413e+094   |
|      576       |       189.99   |  6.8413e+094   |
|      577       |       70.257   |  6.8413e+094   |
|      578       |       25.935   |  6.8413e+094   |
|      579       |       9.5575   |  6.8413e+094   |
|      580       |        3.516   |  6.8413e+094   |
|      581       |       1.2912   |  6.8413e+094   |
|      582       |      0.47336   |  6.8413e+094   |
|      583       |      0.17324   |  6.8413e+094   |
|      584       |     0.063294   |  6.8413e+094   |
|      585       |     0.023085   |  6.8413e+094   |
|      586       |    0.0084052   |  6.8413e+094   |
|      587       |    0.0030551   |  6.8413e+094   |
|      588       |    0.0011086   |  6.8413e+094   |
|      589       |   0.00040158   |  6.8413e+094   |
|      590       |   0.00014522   |  6.8413e+094   |
|      591       |  5.2428e-005   |  6.8413e+094   |
|      592       |  1.8895e-005   |  6.8413e+094   |
|      593       |  6.7984e-006   |  6.8413e+094   |
|      594       |  2.4419e-006   |  6.8413e+094   |
|      595       |  8.7564e-007   |  6.8413e+094   |
|      596       |  3.1346e-007   |  6.8413e+094   |
|      597       |  1.1203e-007   |  6.8413e+094   |
|      598       |  3.9969e-008   |  6.8413e+094   |
|      599       |  1.4236e-008   |  6.8413e+094   |
|      600       |  5.0623e-009   |  6.8413e+094   |
|      601       |  1.7971e-009   |  6.8413e+094   |
|      602       |  6.3691e-010   |  6.8413e+094   |
|      603       |  2.2535e-010   |  6.8413e+094   |
|      604       |  7.9602e-011   |  6.8413e+094   |

 Итогое количество шагов = 604
